# Created by Octave 3.4.3, Wed Feb 01 18:43:01 2012 VET <alejandro@localhost.localdomain>
# name: A
# type: matrix
# rows: 50
# columns: 6
 1 0.0002439345698803663 0.00865405157674104 2.241919052554294 0.009055918082594872 0.009064084268175066
 2 0.0002210980746895075 0.01648401049897075 4.580604100134224 0.01700790959876031 0.01758095517288893
 3 0.0002900810213759542 0.02451490517705679 6.839862110326067 0.02529300760943443 0.02619301446247846
 4 0.0003550837282091379 0.03281410445924848 9.115534044569358 0.03379392309579998 0.03501406242139637
 5 0.0004220217233523726 0.04087989416439086 11.19391104800161 0.04220897797495127 0.04364199447445571
 6 0.0005041153635829687 0.0489268860546872 13.70095493586268 0.05077202746178955 0.05238695594016463
 7 0.0005619296571239829 0.05723600299097598 16.03655797336251 0.0594559203600511 0.06173197529278696
 8 0.0006580332992598414 0.06537911656778306 18.18248203932308 0.06721903395373374 0.07045308058150113
 9 0.0007270716596394777 0.07352402049582452 20.58544994867407 0.07471606659237295 0.07861909409984946
 10 0.0008160636061802506 0.08191308216191828 22.88160706066992 0.08347001054789871 0.08732411568053067
 11 0.0008739924523979425 0.09031007532030344 25.02106105082203 0.09308010607492179 0.09676608140580356
 12 0.0009229665156453848 0.09807707415893674 27.38006794196554 0.1004340690560639 0.105367977055721
 13 0.001006097299978137 0.1065750431735069 29.64616495743394 0.1084429231705144 0.1136249736882746
 14 0.001112943282350898 0.1141880312934518 31.66341500193812 0.1130170524120331 0.1182309429859743
 15 0.001093049766495824 0.1181510124588385 33.90886889689136 0.1207331127952784 0.1265820629196241
 16 0.001181936357170343 0.1264559293631464 36.27100311836693 0.1300059498753399 0.1353860794333741
 17 0.0012250553118065 0.1343819940229878 38.36290301044937 0.1375959905562922 0.1434700251556933
 18 0.001336949062533677 0.1427640693727881 38.25223090441432 0.1480390736833215 0.1550359439570457
 19 0.001399990520440042 0.152163022547029 40.39904592034873 0.1555729818064719 0.1637621097033843
 20 0.001460036262869835 0.1612450862303376 41.83510190516245 0.1633810214698315 0.1713568946579471
 21 0.001530997338704765 0.1679350449703634 44.28697707690299 0.1714830230921507 0.1816419560927898
 22 0.001578919705934823 0.1751200915314257 46.13690809486434 0.1780820460990071 0.1892580295680091
 23 0.001615095883607864 0.182643981766887 47.6011429715436 0.1882300939178094 0.1992209827294573
 24 0.001717106089927256 0.1927249950822443 50.47522793209646 0.1987341049825773 0.2075580327073112
 25 0.001796088996343315 0.202838015044108 52.34236704395153 0.2063471156870946 0.2155250997748226
 26 0.001923922332935035 0.2082370561547577 54.39157195726875 0.2141969574149698 0.2229149636114016
 27 0.001988048548810184 0.2170230477349833 56.61729703214951 0.2218221036018804 0.2320220530964434
 28 0.002051932504400611 0.2246938897296786 58.73833499476314 0.2303091061767191 0.2399550694972277
 29 0.002095093834213912 0.2337278974009678 60.88926308404189 0.2382589365588501 0.248938117059879
 30 0.002224006224423647 0.2397230173228309 62.79313793033361 0.246201908797957 0.2575618895934895
 31 0.002187940292060375 0.2494499989552423 64.90326691081282 0.2585879102116451 0.2680490458151326
 32 0.002464017015881836 0.2599449952831492 67.64531093253754 0.2680930717615411 0.279785908292979
 33 0.002401090227067471 0.2672820489387959 68.85031292005442 0.2755910237319767 0.2890769079094753
 34 0.00248188350815326 0.28039297205396 71.29339701333083 0.2842800228390843 0.2966428876388818
 35 0.002464888035319746 0.2869019507197663 73.32472011842765 0.2923769333865494 0.3059230038197711
 36 0.002556991646997631 0.2937659783056006 75.42591407510918 0.2994078858755529 0.3143239923520014
 37 0.002662062994204462 0.3010779534233734 78.45607494458091 0.3073629970895126 0.3220689366571605
 38 0.002739118877798319 0.3088790994370356 79.95189402112737 0.3140799355460331 0.3306950010592118
 39 0.002794013707898557 0.3150239660171792 82.75436794711277 0.3251791176153347 0.340530990390107
 40 0.002923898748122156 0.3249830056447536 84.7968780042138 0.3316209104377776 0.3480089516378939
 41 0.002915007062256336 0.3328800811432302 86.77671098755673 0.3396710059605539 0.3565589365316555
 42 0.003148917574435472 0.3400631030090153 88.43157502706163 0.3496289264876395 0.3620049739256501
 43 0.00316895148716867 0.3424341097706929 90.54418710677419 0.351891944068484 0.3694981144508347
 44 0.003165880800224841 0.352783992770128 92.71782000083476 0.3625288852490485 0.37886205711402
 45 0.00321607943624258 0.3638978850794956 94.80497496481985 0.3705129839945585 0.3877809945261106
 46 0.003339916816912591 0.3712459368398413 97.1481259096181 0.3756639820057899 0.3963759128237143
 47 0.003294944763183594 0.3793189332354814 99.19310309935827 0.3863409835612401 0.4044649540446699
 48 0.003322920529171824 0.3872301067458466 100.7087400674354 0.3952010307693854 0.4110399895580485
 49 0.003479086793959141 0.389768062508665 102.5544330574339 0.4022369557060301 0.4191608973778784
 50 0.003522881539538503 0.3996270345523953 104.9897119444795 0.4104439502116293 0.4291230938397348


