# Created by Octave 3.4.3, Wed Feb 01 18:43:06 2012 VET <alejandro@localhost.localdomain>
# name: B
# type: matrix
# rows: 101
# columns: 6
 0 0 0 0 0 0
 0.01 1 0.01854545454545454 0.01835816407587945 0.01843104615477084 0.01854283203012749
 0.02 1 0.03709090909090908 0.03671632807587941 0.0366342204778362 0.03706994097629698
 0.03 1 0.05563636363636363 0.05507449207587934 0.05461094039368895 0.05556566368559508
 0.04 1 0.07418181818181817 0.07343265607587937 0.07236262332682192 0.07401445636031186
 0.05 1 0.09272727272727273 0.09179082007587853 0.08989068670172802 0.09240095297581619
 0.06 1 0.1112727272727273 0.1101489840758792 0.1071965479429001 0.1107100222075563
 0.07000000000000001 1 0.1298181818181818 0.128470466447286 0.1242816244748309 0.1289268224043831
 0.08 1 0.1483636363636363 0.1464614671672867 0.1411473337220135 0.147036854173678
 0.09 1 0.1669090909090909 0.1644524678872872 0.1577950931089406 0.1650260101779137
 0.1 1 0.1854545454545455 0.1823736372254712 0.1742263200601052 0.1828806217815495
 0.11 1 0.204 0.2000011833854722 0.190442432 0.2005875022307074
 0.12 1 0.2225454545454545 0.2176287295454723 0.2064448463531179 0.2181339860949904
 0.13 1 0.2410909090909091 0.2349231133031051 0.2222349805439519 0.2355079647501285
 0.14 1 0.2596363636363636 0.2521909136231043 0.2378142519969947 0.2526979177308987
 0.15 1 0.2781818181818181 0.2691077176650503 0.2531840781367393 0.2696929398350009
 0.16 1 0.2967272727272727 0.2859315939792179 0.2683458763876784 0.2864827639093564
 0.17 1 0.3152727272727273 0.3024910287792197 0.283301064174305 0.3030577792997505
 0.18 1 0.3338181818181817 0.3188222573491143 0.2980510589211119 0.319409045992082
 0.19 1 0.3523636363636363 0.3349763799237114 0.312597278052592 0.3355283045179872
 0.2 1 0.3709090909090909 0.3508422840837088 0.3269411389932382 0.3514079817387025
 0.21 1 0.3894545454545454 0.3664506749532194 0.3410840591675431 0.3670411926581966
 0.22 1 0.4079999999999999 0.3818373493644518 0.3550274559999999 0.3824217384494903
 0.23 1 0.4265454545454545 0.396986180689138 0.3687727469151014 0.3975441009064291
 0.24 1 0.445090909090909 0.4118396042891367 0.3823213493373403 0.4124034335568148
 0.25 1 0.4636363636363636 0.4264080013555696 0.3956746806912096 0.4269955496917394
 0.26 1 0.4821818181818181 0.4407200475755938 0.408834158401202 0.4413169075802063
 0.27 1 0.5007272727272727 0.4547682847005072 0.4218011998918106 0.4553645931478643
 0.28 1 0.5192727272727272 0.4685470770645338 0.4345772225875281 0.4691363004041116
 0.29 1 0.5378181818181818 0.4820522936707459 0.4471636439128474 0.4826303099032459
 0.3 1 0.5563636363636363 0.495281062662586 0.4595618812922614 0.4958454655230778
 0.31 1 0.5749090909090908 0.5082096605825862 0.4717733521502629 0.5087811498388596
 0.32 1 0.5934545454545453 0.5208523523319348 0.4837994739113448 0.5214372583619088
 0.33 1 0.612 0.5332196050333601 0.495641664 0.5338141729013244
 0.34 1 0.6305454545454545 0.5453113107988657 0.5073013398407212 0.5459127342941364
 0.35 1 0.6490909090909091 0.5571280453651104 0.5187799188580015 0.557734214734475
 0.36 1 0.6676363636363635 0.5686709827703487 0.5300788184763335 0.5692802899163052
 0.37 1 0.6861818181818181 0.5799418237994497 0.5411994561202103 0.5805530111873036
 0.38 1 0.7047272727272726 0.5909427354225492 0.5521432492141246 0.5915547778939001
 0.39 1 0.7232727272727272 0.6016762991064654 0.5629116151825694 0.6022883100796795
 0.4 1 0.7418181818181818 0.6121454663571048 0.5735059714500376 0.6127566216815223
 0.41 1 0.7603636363636364 0.6223535202066189 0.5839277354410218 0.6229629943502856
 0.42 1 0.7789090909090908 0.6323040416268708 0.594178324580015 0.6329109520057263
 0.43 1 0.7974545454545453 0.6420008800550503 0.6042591562915101 0.6426042362188866
 0.44 1 0.8159999999999998 0.6514481273742279 0.6141716479999999 0.6520467824994751
 0.45 1 0.8345454545454545 0.6606500948140344 0.6239172171299775 0.6612426975509724
 0.46 1 0.853090909090909 0.6696066536140295 0.6334972811059354 0.6701962375423712
 0.47 1 0.8716363636363637 0.6783119494528053 0.6429132573523667 0.6789117874326617
 0.48 1 0.8901818181818181 0.6867848742785826 0.652166563293764 0.6873938413724553
 0.49 1 0.9087272727272726 0.6950302818270582 0.6612586163546206 0.695646984196494
 0.5 1 0.9272727272727271 0.7030531742635415 0.6701908339594289 0.7036758740112217
 0.51 1 0.9458181818181817 0.7108586884155963 0.6789646335326821 0.7114852258730801
 0.52 1 0.9643636363636362 0.7184520831750857 0.6875814324988729 0.719079796545703
 0.53 1 0.9829090909090908 0.7258387279149539 0.6960426482824943 0.7264643703176669
 0.54 1 1 0.733024091787613 0.7043496983080391 0.7336437458568752
 0.55 1 1 0.7400137337899654 0.712504 0.7406227240729392
 0.5600000000000001 1 1 0.7468006913899664 0.7205069707828698 0.7474060969550238
 0.5700000000000001 1 1 0.7533777278948236 0.7283600280811419 0.7539986373494716
 0.58 1 1 0.7597741022808772 0.7360645893193087 0.7604050896390542
 0.59 1 1 0.765995589703846 0.7436220719218631 0.7666301612838571
 0.6 1 1 0.7720480212599018 0.7510338933132982 0.7726785151825165
 0.61 1 1 0.7779372765995886 0.7583014709181066 0.7785547628117359
 0.62 1 1 0.7836487053995881 0.7654262221607813 0.7842634581016664
 0.63 1 1 0.789176726056625 0.772409564465815 0.7898090920047669
 0.64 1 1 0.7945571561605951 0.7792529152577008 0.7951960877161252
 0.65 1 1 0.7997959796068 0.7859576919609317 0.8004287965038818
 0.66 1 1 0.8048992019596232 0.7925253119999999 0.8055114941092785
 0.67 1 1 0.8098169646796237 0.798957192799399 0.8104483776769565
 0.68 1 1 0.8146014621683101 0.8052547517836214 0.8152435631773698
 0.6900000000000001 1 1 0.8192661183761215 0.81141940637716 0.819901083284567
 0.7000000000000001 1 1 0.8238093003761212 0.8174525740045079 0.8244248856740749
 0.71 1 1 0.8281784212248154 0.8233556720901577 0.8288188317071602
 0.72 1 1 0.832443472857633 0.8291301180586024 0.83308669546935
 0.73 1 1 0.8366104762238399 0.834777329334335 0.83723216313272
 0.74 1 1 0.8406196025438379 0.8402987233418482 0.841258832613086
 0.75 1 1 0.8445239620878091 0.8456957175056348 0.8451702134948773
 0.76 1 1 0.8483459715448454 0.8509697292501878 0.848969727198073
 0.77 1 1 0.8520176043448461 0.8561221759999998 0.8526607073631672
 0.78 1 1 0.8556000358445346 0.8611544751795641 0.856246400431683
 0.79 1 1 0.8591084849645341 0.8660680442133734 0.8597299664012361
 0.8 1 1 0.8624646770805846 0.8708643005259203 0.8631144797356197
 0.8100000000000001 1 1 0.8657636931435593 0.8755446615416981 0.8664029304117552
 0.8200000000000001 1 1 0.8689569010635592 0.8801105446851991 0.8695982250867005
 0.8300000000000001 1 1 0.8720525146496091 0.8845633673809166 0.8727031883691729
 0.84 1 1 0.8750936650496064 0.8889045470533433 0.8757205641812592
 0.85 1 1 0.8779990687544654 0.893135501126972 0.8786530171971293
 0.86 1 1 0.8808720315568236 0.897257647026296 0.8815031343466567
 0.87 1 1 0.883620193076824 0.9012724021758076 0.8842734263728735
 0.88 1 1 0.8863254231894786 0.9051811839999999 0.8869663294331412
 0.89 1 1 0.888932653349479 0.9089854099233659 0.8895842067348336
 0.9 1 1 0.8914831272093477 0.9126864973703983 0.8921293501971576
 0.91 1 1 0.8939531347293408 0.9162858637655897 0.8946039821315355
 0.92 1 1 0.8963617389288373 0.9197849265334336 0.8970102569337032
 0.93 1 1 0.8986982325288393 0.9231851030984222 0.8993502627813571
 0.9400000000000001 1 1 0.900977753880896 0.9264878108850489 0.9016260233318238
 0.9500000000000001 1 1 0.9031844422808949 0.9296944673178063 0.9038394994148027
 0.96 1 1 0.9053475571173804 0.932806489821187 0.9059925907157828
 0.97 1 1 0.9074281490373817 0.9358252958196845 0.9080871374462277
 0.98 1 1 0.9094874116258536 0.9387523027377911 0.9101249219970853
 0.99 1 1 0.911445615785853 0.9415889279999998 0.9121076705726026
 1 1 1 0.9134038199458502 0.944336589030804 0.9140370548018113


